100.00 -3.55 1.20 1.05 1.05 1.20 -3.55 100.00 
-3.55 -3.20 0.99 0.99 0.99 0.99 -3.20 -3.55 
1.20 0.99 1.05 1.01 1.01 1.05 0.99 1.20 
1.05 0.99 1.01 1.00 1.00 1.01 0.99 1.05 
1.05 0.99 1.01 1.00 1.00 1.01 0.99 1.05 
1.20 0.99 1.05 1.01 1.01 1.05 0.99 1.20 
-3.55 -3.20 0.99 0.99 0.99 0.99 -3.20 -3.55 
100.00 -3.55 1.20 1.05 1.05 1.20 -3.55 100.00 
